%cpu,%mem,vsz,rss
0  0.0  0.0  14800  7976
1  0.0  0.3  43864 38680
2  0.0  0.3  48016 42904
3 32.0  0.3  52168 46864
4 43.0  0.3  52168 46864
5 53.0  0.3  52168 46864
6 64.0  0.3  52168 46864
7 75.0  0.3  52168 47128
8 86.0  0.3  52168 47128
9 97.0  0.3  52168 47128
10  107  0.3  52168 47128
11  118  0.3  52168 47128
12 64.5  0.3  52168 47128
13 70.0  0.3  52168 47128
14 75.5  0.3  52168 47128
15 81.0  0.3  52168 47128
16 86.5  0.3  52168 47128
17 91.5  0.3  52168 47128
18 97.0  0.3  52168 47128
19  102  0.3  52168 47128
20  108  0.3  52168 47128
21 75.6  0.3  52168 47128
22 79.0  0.3  52168 47128
23 82.6  0.3  52168 47128
24 86.3  0.3  52168 47128
25 90.0  0.3  52168 47128
26 93.6  0.3  52168 47128
27 97.3  0.3  45940 40060
28  101  0.3  50092 44812
29  104  0.3  50092 44812
30 81.2  0.3  50092 45076
31 84.0  0.3  50092 45076
32 86.7  0.3  50092 45076
33 89.2  0.3  50092 45076
34 92.0  0.3  50092 45076
35 94.7  0.3  50092 45076
36 97.5  0.3  50092 45076
37  100  0.3  52168 46924
38  103  0.3  52168 46924
39  105  0.3  52168 46924
40 86.8  0.3  52168 46924
41 89.0  0.3  52168 46924
42 91.2  0.3  52168 46924
43 93.2  0.3  52168 46924
44 95.6  0.3  52168 46924
45 97.8  0.3  52168 46924
46  100  0.3  52168 46924
47  102  0.3  52168 46924
48  104  0.3  52168 46924
49 88.8  0.3  52168 46924
50 90.6  0.3  52168 46924
51 92.5  0.3  52168 46924
52 94.3  0.3  52168 46924
53 96.0  0.4  54244 49036
54 97.8  0.4  54244 49036
55 99.6  0.4  54244 49036
56  101  0.2  39712 34304
57  103  0.3  48016 42752
58 90.1  0.3  50092 43016
59 91.7  0.3  50092 44864
60 93.2  0.3  50092 44864
61 94.8  0.3  50092 44864
62 96.4  0.3  50092 44864
63 98.0  0.3  50092 44864
64 99.5  0.3  50092 44864
65  101  0.3  50092 44864
66  102  0.3  50092 44864
67 91.1  0.3  52168 46448
68 92.5  0.3  52168 46976
69 93.8  0.3  52168 46976
70 95.2  0.3  52168 46976
71 96.6  0.3  52168 46976
72 98.0  0.3  52168 46976
73 99.3  0.3  52168 46976
74  100  0.3  52168 46976
75  102  0.3  52168 46976
76 91.8  0.3  52168 46976
77 93.1  0.3  52168 46976
78 94.3  0.3  52168 46976
79 95.5  0.3  52168 46976
80 96.7  0.3  52168 46976
81 98.0  0.3  52168 46976
82 99.2  0.4  54244 49088
83  100  0.4  54244 49088
84  101  0.4  54244 49088
85 92.6  0.3  41788 36404
86 93.7  0.3  48016 42740
87 94.8  0.3  50092 44060
88 95.9  0.3  50092 44852
89 97.0  0.3  50092 44852
90 98.1  0.3  50092 44852
91 99.2  0.3  50092 44852
