%cpu,%mem,vsz,rss
0  0.0  0.0  29936  7396
1  0.0  0.1  34440 13336
2  0.0  0.1  39888 18672
3  0.0  0.1  42052 20984
4  0.0  0.1  43076 21512
5  0.0  0.1  43076 22040
6  0.0  0.1  44100 22304
7  0.0  0.1  44100 22832
8  0.0  0.1  45124 23360
9  102  0.1  45124 23888
10  113  0.1  46148 24152
11  124  0.2  46148 24680
12  135  0.2  47172 25208
13  145  0.2  47172 25472
14  156  0.2  47172 26000
15  167  0.2  48196 26264
16  178  0.1  43076 22232
17  188  0.1  43076 22232
18 99.5  0.1  43076 22232
19  105  0.1  44100 22492
20  110  0.1  44100 22756
21  115  0.1  45124 23284
22  121  0.1  45124 23812
23  126  0.2  46148 24340
24  132  0.2  46148 24604
25  137  0.2  46148 25132
26  142  0.2  47172 25396
27  148  0.2  47172 25924
28  102  0.2  48196 26188
29  106  0.1  43076 22236
30  109  0.1  43076 22236
31  113  0.1  43076 22236
32  116  0.1  44100 22236
33  120  0.1  44100 22760
34  124  0.1  45124 23024
35  127  0.1  45124 23552
36  131  0.1  45124 24080
37  101  0.2  46148 24344
38  103  0.2  46148 24872
39  106  0.2  47172 25400
40  109  0.2  47172 25664
41  111  0.2  47172 26192
42  114  0.2  48196 26456
43  117  0.1  43076 22236
44  120  0.1  43076 22236
45  122  0.1  43076 22236
46  100  0.1  44100 22496
47  102  0.1  44100 23024
48  104  0.1  45124 23288
49  106  0.1  45124 23816
50  108  0.2  46148 24344
51  111  0.2  46148 24608
52  113  0.2  46148 25136
53  115  0.2  47172 25400
54  117  0.2  47172 25928
55 99.6  0.2  48196 26192
56  101  0.1  43076 22236
57  103  0.1  43076 22236
58  105  0.1  43076 22236
59  107  0.1  44100 22236
60  108  0.1  44100 22760
61  110  0.1  45124 23288
62  112  0.1  45124 23552
63  114  0.1  45124 24080
64  116  0.2  46148 24344
65  100  0.2  46148 24872
66  102  0.2  47172 25400
67  104  0.2  47172 25664
68  105  0.2  48196 26192
69  107  0.1  43076 22236
70  108  0.1  43076 22236
71  110  0.1  43076 22236
72  111  0.1  43076 22236
73  113  0.1  44100 22496
74  100  0.1  44100 23024
75  101  0.1  45124 23552
76  103  0.1  45124 23816
77  104  0.2  46148 24344
78  105  0.2  46148 24872
79  107  0.2  47172 25136
80  108  0.2  47172 25664
81  109  0.2  47172 25928
82  111  0.2  48196 26456
83  100  0.1  43076 22236
84  101  0.1  43076 22236
85  102  0.1  43076 22236
86  103  0.1  44100 22236
87  104  0.1  44100 22760
88  106  0.1  45124 23288
89  107  0.1  45124 23552
90  108  0.1  45124 24080
91  109  0.2  46148 24608
92  110  0.2  46148 24872
93  100  0.2  47172 25400
94  101  0.2  47172 25664
95  103  0.2  48196 26192
96  104  0.2  48196 26456
97  105  0.1  43076 22236
98  106  0.1  43076 22236
99  107  0.1  43076 22236
100  108  0.1  44100 22496
101  109  0.1  44100 23024
102  100  0.1  45124 23288
103  101  0.1  45124 23816
104  102  0.2  46148 24344
105  103  0.2  46148 24608
106  104  0.2  46148 25136
107  105  0.2  47172 25664
108  106  0.2  47172 25928
109  107  0.2  48196 26456
110  108  0.1  43076 22236
111  100  0.1  43076 22236
112  101  0.1  43076 22236
113  102  0.1  44100 22236
114  102  0.1  44100 22760
115  103  0.1  45124 23288
116  104  0.1  45124 23552
117  105  0.1  46148 24080
118  106  0.2  46148 24608
119  107  0.2  46148 24872
120  100  0.2  47172 25400
121  100  0.2  47172 25928
122  101  0.2  48196 26192
123  102  0.1  43076 22236
124  103  0.1  43076 22236
125  104  0.1  43076 22236
126  105  0.1  44100 22236
127  105  0.1  44100 22496
128  106  0.1  44100 23024
129  107  0.1  45124 23552
130  100  0.1  45124 23816
131  101  0.2  46148 24344
132  102  0.2  46148 24872
133  102  0.2  47172 25136
134  103  0.2  47172 25664
135  104  0.2  47172 26192
136  105  0.2  48196 26456
137  106  0.1  43076 22236
138  106  0.1  43076 22236
139  100  0.1  43076 22236
140  101  0.1  44100 22496
141  101  0.1  44100 22760
142  102  0.1  45124 23288
143  103  0.1  45124 23816
144  103  0.1  46148 24080
145  104  0.2  46148 24608
146  105  0.2  46148 25136
147  106  0.2  47172 25400
148  100  0.2  47172 25928
149  100  0.2  48196 26192
150  101  0.1  43076 22236
151  102  0.1  43076 22236
152  102  0.1  43076 22236
153  103  0.1  43076 22236
154  104  0.1  44100 22496
155  104  0.1  44100 23024
156  105  0.1  45124 23552
157  100  0.1  45124 23816
158  100  0.2  46148 24344
159  101  0.2  46148 24872
160  101  0.2  47172 25136
161  102  0.2  47172 25664
162  103  0.2  47172 25928
163  103  0.2  48196 26456
164  104  0.1  43076 22236
165  105  0.1  43076 22236
166  105  0.1  43076 22236
167  100  0.1  44100 22236
168  101  0.1  44100 22760
169  101  0.1  45124 23288
170  102  0.1  45124 23816
171  102  0.1  46148 24080
172  103  0.2  46148 24608
173  104  0.2  46148 24872
174  104  0.2  47172 25400
175  105  0.2  47172 25664
176  100  0.2  47172 26192
177  100  0.2  48196 26456
178  101  0.1  43076 22236
179  102  0.1  43076 22236
180  102  0.1  43076 22236
181  103  0.1  44100 22496
182  103  0.1  44100 22760
183  104  0.1  45124 23288
184  104  0.1  45124 23816
185  100  0.1  46148 24080
186  100  0.2  46148 24608
187  101  0.2  46148 24872
188  101  0.2  47172 25400
189  102  0.2  47172 25928
190  102  0.2  48196 26192
191  103  0.1  43076 22236
192  103  0.1  43076 22236
193  104  0.1  43076 22236
194  100  0.1  43076 22236
195  100  0.1  44100 22496
196  101  0.1  44100 23024
197  101  0.1  45124 23552
198  102  0.1  45124 23816
199  102  0.2  46148 24344
200  103  0.2  46148 24872
201  103  0.2  47172 25136
202  104  0.2  47172 25664
203  104  0.2  47172 25928
204  100  0.2  48196 26456
205  100  0.1  43076 22236
206  101  0.1  43076 22236
207  101  0.1  43076 22236
208  102  0.1  44100 22236
209  102  0.1  44100 22760
210  103  0.1  45124 23288
211  103  0.1  45124 23816
212  104  0.1  46148 24080
213  100  0.2  46148 24608
214  100  0.2  46148 24872
215  101  0.2  47172 25400
216  101  0.2  47172 25928
217  102  0.2  48196 26192
218  102  0.1  43076 22236
219  103  0.1  43076 22236
220  103  0.1  43076 22236
221  103  0.1  43076 22236
222  100  0.1  44100 22496
223  100  0.1  44100 23024
224  101  0.1  45124 23552
225  101  0.1  45124 23816
226  101  0.2  46148 24344
227  102  0.2  46148 24872
228  102  0.2  47172 25136
229  103  0.2  47172 25664
230  103  0.2  47172 25928
231 99.9  0.2  48196 26456
232  100  0.1  43076 22236
233  100  0.1  43076 22236
234  101  0.1  43076 22236
235  101  0.1  44100 22236
236  102  0.1  44100 22760
237  102  0.1  45124 23288
238  103  0.1  45124 23816
239  103  0.1  46148 24080
240  103  0.2  46148 24608
241  100  0.2  46148 25136
242  100  0.2  47172 25400
243  101  0.2  47172 25928
244  101  0.2  48196 26192
245  101  0.1  43076 22236
246  102  0.1  43076 22236
247  102  0.1  43076 22236
248  103  0.1  43076 22236
249  103  0.1  44100 22496
250  100  0.1  44100 23024
251  100  0.1  45124 23552
252  100  0.1  45124 23816
253  101  0.2  46148 24344
254  101  0.2  46148 24872
255  102  0.2  47172 25136
256  102  0.2  47172 25664
257  102  0.2  47172 25928
258  103  0.2  48196 26456
259  100  0.1  43076 22236
260  100  0.1  43076 22236
261  100  0.1  43076 22236
262  101  0.1  44100 22236
263  101  0.1  44100 22760
264  101  0.1  45124 23288
265  102  0.1  45124 23816
266  102  0.1  46148 24080
267  103  0.2  46148 24608
268 99.9  0.2  46148 25136
269  100  0.2  47172 25400
270  100  0.2  47172 25928
271  101  0.2  48196 26192
272  101  0.1  43076 22236
273  101  0.1  43076 22236
274  102  0.1  43076 22236
275  102  0.1  43076 22236
276  102  0.1  44100 22496
277  103  0.1  44100 23024
278  100  0.1  45124 23288
279  100  0.1  45124 23816
280  100  0.1  46148 24080
281  101  0.2  46148 24608
282  101  0.2  46148 24872
283  102  0.2  47172 25400
284  102  0.2  47172 25664
285  102  0.2  48196 26192
286  103  0.2  48196 26456
287  100  0.1  43076 22236
288  100  0.1  43076 22236
289  100  0.1  43076 22236
290  101  0.1  44100 22236
291  101  0.1  44100 22760
292  101  0.1  45124 23288
293  102  0.1  45124 23552
294  102  0.1  45124 24080
295  102  0.2  46148 24344
296  100  0.2  46148 24872
297  100  0.2  47172 25136
298  100  0.2  47172 25664
299  101  0.2  47172 25928
300  101  0.2  48196 26456
301  101  0.1  43076 22236
302  102  0.1  43076 22236
303  102  0.1  43076 22236
304  102  0.1  44100 22236
305 99.9  0.1  44100 22496
306  100  0.1  44100 23024
307  100  0.1  45124 23552
308  100  0.1  45124 23816
309  101  0.2  46148 24344
310  101  0.2  46148 24608
311  101  0.2  46148 24872
312  102  0.2  47172 25400
313  102  0.2  47172 25664
314  102  0.2  47172 25928
315  100  0.2  48196 26192
316  100  0.1  43076 22236
317  100  0.1  43076 22236
318  101  0.1  43076 22236
319  101  0.1  43076 22236
320  101  0.1  44100 22236
321  102  0.1  44100 22496
322  102  0.1  44100 23024
323  102  0.1  45124 23288
324  100  0.1  45124 23816
325  100  0.1  46148 24080
326  100  0.2  46148 24608
327  101  0.2  46148 24872
328  101  0.2  47172 25400
329  101  0.2  47172 25664
330  102  0.2  47172 25928
331  102  0.2  48196 26192
332  102  0.2  48196 26456
333  100  0.1  43076 22236
334  100  0.1  43076 22236
335  100  0.1  43076 22236
336  101  0.1  44100 22236
337  101  0.1  44100 22496
338  101  0.1  44100 23024
339  101  0.1  45124 23288
340  102  0.1  45124 23816
341  102  0.1  46148 24080
342  100  0.2  46148 24608
343  100  0.2  46148 24872
344  100  0.2  47172 25136
345  101  0.2  47172 25664
346  101  0.2  47172 25928
347  101  0.2  48196 26192
348  101  0.1  43076 22236
349  102  0.1  43076 22236
350  102  0.1  43076 22236
351  100  0.1  43076 22236
352  100  0.1  44100 22496
353  100  0.1  44100 22760
354  100  0.1  45124 23288
355  101  0.1  45124 23552
356  101  0.1  45124 23816
357  101  0.2  46148 24344
358  102  0.2  46148 24608
359  102  0.2  46148 24872
360 99.9  0.2  47172 25400
361  100  0.2  47172 25664
362  100  0.2  47172 25928
363  100  0.2  48196 26192
364  101  0.1  43076 22236
365  101  0.1  43076 22236
366  101  0.1  43076 22236
367  101  0.1  43076 22236
368  102  0.1  44100 22496
369  102  0.1  44100 22760
370  100  0.1  45124 23288
371  100  0.1  45124 23552
372  100  0.1  45124 24080
373  101  0.2  46148 24344
374  101  0.2  46148 24872
375  101  0.2  47172 25136
376  101  0.2  47172 25664
377  102  0.2  47172 25928
378  102  0.2  48196 26456
379  100  0.1  43076 22236
380  100  0.1  43076 22236
381  100  0.1  43076 22236
382  100  0.1  44100 22236
383  101  0.1  44100 22496
384  101  0.1  44100 23024
385  101  0.1  45124 23552
386  102  0.1  45124 23816
387  102  0.2  46148 24344
388  100  0.2  46148 24608
389  100  0.2  47172 25136
390  100  0.2  47172 25664
391  100  0.2  47172 25928
392  101  0.2  48196 26192
393  101  0.1  43076 22236
394  101  0.1  43076 22236
395  101  0.1  43076 22236
396  102  0.1  43076 22236
397  100  0.1  44100 22496
398  100  0.1  44100 23024
399  100  0.1  45124 23288
400  100  0.1  45124 23816
401  101  0.2  46148 24344
402  101  0.2  46148 24608
403  101  0.2  46148 25136
404  101  0.2  47172 25400
405  102  0.2  47172 25928
406 99.9  0.2  48196 26192
407  100  0.1  43076 22236
408  100  0.1  43076 22236
409  100  0.1  43076 22236
410  100  0.1  43076 22236
411  101  0.1  44100 22236
412  101  0.1  44100 22760
413  101  0.1  45124 23288
414  101  0.1  45124 23552
415  102  0.1  45124 24080
416  100  0.2  46148 24344
417  100  0.2  46148 24872
418  100  0.2  47172 25136
419  100  0.2  47172 25664
420  101  0.2  47172 25928
421  101  0.2  48196 26192
422  101  0.1  43076 22236
423  101  0.1  43076 22236
424  102  0.1  43076 22236
425  100  0.1  43076 22236
426  100  0.1  44100 22236
427  100  0.1  44100 22760
428  100  0.1  44100 23024
429  101  0.1  45124 23288
430  101  0.1  45124 23816
431  101  0.1  45124 24080
432  101  0.2  46148 24344
433  102  0.2  46148 24608
434  100  0.2  46148 24872
435  100  0.2  46148 25136
436  100  0.2  47172 25400
437  100  0.2  47172 25664
438  101  0.2  47172 26192
439  101  0.2  48196 26456
440  101  0.1  43076 22236
441  101  0.1  43076 22236
442  101  0.1  43076 22236
443  100  0.1  44100 22236
444  100  0.1  44100 22496
445  100  0.1  44100 23024
446  100  0.1  45124 23288
447  100  0.1  45124 23816
448  101  0.1  46148 24080
449  101  0.2  46148 24608
450  101  0.2  46148 24872
451  101  0.2  47172 25136
452  100  0.2  47172 25664
453  100  0.2  47172 25928
454  100  0.2  48196 26192
455  100  0.1  43076 22236
456  100  0.1  43076 22236
457  101  0.1  43076 22236
458  101  0.1  43076 22236
459  101  0.1  44100 22496
460  101  0.1  44100 23024
461  100  0.1  45124 23288
462  100  0.1  45124 23816
463  100  0.1  46148 24080
464  100  0.2  46148 24608
465  100  0.2  46148 24872
466  101  0.2  47172 25400
467  101  0.2  47172 25664
468  101  0.2  47172 26192
469  101  0.2  48196 26456
470  101  0.1  43076 22236
471  100  0.1  43076 22236
472  100  0.1  43076 22236
473  100  0.1  43076 22236
474  100  0.1  44100 22496
475  101  0.1  44100 22760
476  101  0.1  45124 23288
477  101  0.1  45124 23552
478  101  0.1  45124 24080
479  101  0.2  46148 24344
480  100  0.2  46148 24608
481  100  0.2  46148 25136
482  100  0.2  47172 25400
483  100  0.2  47172 25664
484  100  0.2  48196 26192
485  101  0.2  48196 26456
486  101  0.1  43076 22236
487  101  0.1  43076 22236
488  101  0.1  43076 22236
489  100  0.1  44100 22236
490  100  0.1  44100 22760
491  100  0.1  45124 23288
492  100  0.1  45124 23552
493  100  0.1  45124 24080
494  101  0.2  46148 24344
495  101  0.2  46148 24872
496  101  0.2  46148 25136
497  101  0.2  47172 25400
498  100  0.2  47172 25664
499  100  0.2  48196 26192
500  100  0.2  48196 26456
501  100  0.1  43076 22236
502  100  0.1  43076 22236
503  101  0.1  43076 22236
504  101  0.1  44100 22236
505  101  0.1  44100 22760
506  101  0.1  45124 23288
507 99.9  0.1  45124 23552
508  100  0.1  45124 23816
509  100  0.2  46148 24344
510  100  0.2  46148 24608
511  100  0.2  46148 25136
512  100  0.2  47172 25400
513  101  0.2  47172 25928
514  101  0.2  48196 26192
515  101  0.2  48196 26456
516  101  0.1  43076 22236
517  100  0.1  43076 22236
518  100  0.1  43076 22236
519  100  0.1  43076 22236
520  100  0.1  44100 22236
521  100  0.1  44100 22760
522  101  0.1  44100 23024
523  101  0.1  45124 23552
524  101  0.1  45124 23816
525  101  0.1  46148 24080
526  100  0.2  46148 24608
527  100  0.2  46148 24872
528  100  0.2  47172 25400
529  100  0.2  47172 25664
530  100  0.2  47172 26192
531  101  0.2  48196 26456
532  101  0.1  43076 22236
533  101  0.1  43076 22236
534  101  0.1  43076 22236
535  100  0.1  43076 22236
536  100  0.1  44100 22496
537  100  0.1  44100 22760
538  100  0.1  44100 23024
539  100  0.1  45124 23288
540  101  0.1  45124 23552
541  101  0.1  45124 23816
542  101  0.2  46148 24344
543  101  0.2  46148 24608
544  100  0.2  46148 24872
545  100  0.2  47172 25136
546  100  0.2  47172 25400
547  100  0.2  47172 25928
548  100  0.2  47172 26192
549  100  0.2  48196 26456
550  101  0.2  48196 26456
551  101  0.1  43076 22236
552  101  0.1  43076 22236
553  100  0.1  43076 22236
554  100  0.1  44100 22236
555  100  0.1  44100 22496
556  100  0.1  44100 23024
557  100  0.1  45124 23552
558  100  0.1  45124 23816
559  101  0.1  46148 24080
560  101  0.2  46148 24608
561  101  0.2  46148 24872
562  100  0.2  47172 25400
563  100  0.2  47172 25664
564  100  0.2  48196 26192
565  100  0.2  48196 26456
566  100  0.1  43076 22236
567  100  0.1  43076 22236
568  101  0.1  43076 22236
569  101  0.1  44100 22236
570  101  0.1  44100 22760
571  101  0.1  45124 23288
572  100  0.1  45124 23816
573  100  0.1  45124 24080
574  100  0.2  46148 24344
575  100  0.2  46148 24872
576  100  0.2  47172 25400
577  101  0.2  47172 25664
578  101  0.2  47172 26192
579  101  0.2  48196 26456
580  101  0.1  43076 22236
581  100  0.1  43076 22236
582  100  0.1  43076 22236
583  100  0.1  44100 22236
584  100  0.1  44100 22760
585  100  0.1  45124 23024
586  100  0.1  45124 23552
587  101  0.1  45124 24080
588  101  0.2  46148 24344
589  101  0.2  46148 24872
590  100  0.2  47172 25400
591  100  0.2  47172 25664
592  100  0.2  48196 26192
593  100  0.2  48196 26456
594  100  0.1  43076 22236
595  100  0.1  43076 22236
596  101  0.1  43076 22236
597  101  0.1  44100 22496
598  101  0.1  44100 23024
599  100  0.1  45124 23288
600  100  0.1  45124 23816
601  100  0.2  46148 24344
602  100  0.2  46148 24608
603  100  0.2  46148 25136
604  100  0.2  47172 25664
605  101  0.2  47172 25928
606  101  0.2  48196 26456
607  101  0.1  43076 22236
608  101  0.1  43076 22236
609  100  0.1  43076 22236
610  100  0.1  44100 22236
611  100  0.1  44100 22760
612  100  0.1  45124 23024
613  100  0.1  45124 23552
614  100  0.1  45124 24080
615  101  0.2  46148 24608
616  101  0.2  46148 24872
617  101  0.2  47172 25400
618  100  0.2  47172 25928
619  100  0.2  48196 26192
620  100  0.1  43076 22236
621  100  0.1  43076 22236
622  100  0.1  43076 22236
623  100  0.1  44100 22236
624  101  0.1  44100 22760
625  101  0.1  45124 23024
626  101  0.1  45124 23552
627  100  0.1  45124 24080
628  100  0.2  46148 24608
629  100  0.2  46148 24872
630  100  0.2  47172 25400
631  100  0.2  47172 25928
632  100  0.2  48196 26192
633  100  0.1  43076 22236
634  101  0.1  43076 22236
635  101  0.1  43076 22236
636  100  0.1  44100 22236
637  100  0.1  44100 22760
638  100  0.1  44100 23024
639  100  0.1  45124 23552
640  100  0.1  45124 23816
641  100  0.2  46148 24344
642  100  0.2  46148 24608
643  101  0.2  46148 25136
644  101  0.2  47172 25400
645  101  0.2  47172 25664
646  100  0.2  47172 25928
647  100  0.2  48196 26456
648  100  0.1  43076 22236
649  100  0.1  43076 22236
650  100  0.1  43076 22236
651  100  0.1  44100 22236
652  101  0.1  44100 22496
653  101  0.1  44100 23024
654  101  0.1  45124 23552
655  100  0.1  45124 24080
656  100  0.2  46148 24344
657  100  0.2  46148 24872
658  100  0.2  47172 25400
659  100  0.2  47172 25664
660  100  0.2  47172 26192
661  100  0.2  48196 26456
662  101  0.1  43076 22236
663  101  0.1  43076 22236
664  100  0.1  43076 22236
665  100  0.1  44100 22236
666  100  0.1  44100 22760
667  100  0.1  45124 23288
668  100  0.1  45124 23816
669  100  0.1  45124 24080
670  100  0.2  46148 24608
671  101  0.2  46148 24872
672  101  0.2  47172 25400
673  100  0.2  47172 25664
674  100  0.2  47172 26192
675  100  0.2  48196 26456
676  100  0.1  43076 22236
677  100  0.1  43076 22236
678  100  0.1  43076 22236
679  100  0.1  44100 22236
680  101  0.1  44100 22760
681  101  0.1  45124 23288
682 99.9  0.1  45124 23816
683  100  0.1  46148 24080
684  100  0.2  46148 24608
685  100  0.2  46148 24872
686  100  0.2  47172 25400
687  100  0.2  47172 25664
688  100  0.2  47172 25928
689  101  0.2  48196 26192
690  101  0.1  43076 22236
691  101  0.1  43076 22236
692  100  0.1  43076 22236
693  100  0.1  43076 22236
694  100  0.1  44100 22236
695  100  0.1  44100 22760
696  100  0.1  44100 23024
697  100  0.1  45124 23288
698  100  0.1  45124 23816
699  101  0.1  46148 24080
700  101  0.2  46148 24608
701  100  0.2  46148 24872
702  100  0.2  47172 25400
703  100  0.2  47172 25928
704  100  0.2  48196 26192
705  100  0.1  43076 22236
706  100  0.1  43076 22236
707  100  0.1  43076 22236
708  101  0.1  43076 22236
709  101  0.1  44100 22496
710  100  0.1  44100 22760
711  100  0.1  45124 23288
712  100  0.1  45124 23816
713  100  0.1  46148 24080
714  100  0.2  46148 24608
715  100  0.2  46148 25136
716  100  0.2  47172 25400
717  101  0.2  47172 25928
718  101  0.2  48196 26192
719 99.9  0.2  48196 26456
720  100  0.1  43076 22236
721  100  0.1  43076 22236
722  100  0.1  43076 22236
723  100  0.1  44100 22496
724  100  0.1  44100 22760
725  100  0.1  45124 23288
726  100  0.1  45124 23816
727  101  0.1  46148 24080
728  101  0.2  46148 24608
729  100  0.2  46148 24872
730  100  0.2  47172 25400
731  100  0.2  47172 25664
732  100  0.2  48196 26192
733  100  0.2  48196 26456
734  100  0.1  43076 22236
735  100  0.1  43076 22236
736  101  0.1  43076 22236
737  101  0.1  44100 22496
738  100  0.1  44100 23024
739  100  0.1  45124 23288
740  100  0.1  45124 23816
741  100  0.2  46148 24344
742  100  0.2  46148 24608
743  100  0.2  47172 25136
744  100  0.2  47172 25664
745  101  0.2  47172 25928
746  101  0.2  48196 26456
747  100  0.1  43076 22236
748  100  0.1  43076 22236
749  100  0.1  43076 22236
750  100  0.1  44100 22236
751  100  0.1  44100 22760
752  100  0.1  45124 23288
753  100  0.1  45124 23552
754  100  0.1  46148 24080
755  101  0.2  46148 24608
756  100  0.2  46148 24872
757  100  0.2  47172 25400
758  100  0.2  47172 25928
759  100  0.2  48196 26192
760  100  0.1  43076 22236
761  100  0.1  43076 22236
762  100  0.1  43076 22236
763  100  0.1  44100 22236
764  101  0.1  44100 22496
765  101  0.1  44100 23024
766  100  0.1  45124 23552
767  100  0.1  45124 24080
768  100  0.2  46148 24344
769  100  0.2  46148 24872
770  100  0.2  47172 25136
771  100  0.2  47172 25664
772  100  0.2  47172 26192
773  101  0.2  48196 26456
774  101  0.1  43076 22236
775  100  0.1  43076 22236
776  100  0.1  43076 22236
777  100  0.1  44100 22496
778  100  0.1  44100 23024
779  100  0.1  45124 23288
780  100  0.1  45124 23816
781  100  0.2  46148 24344
782  100  0.2  46148 24608
783  101  0.2  46148 25136
784  100  0.2  47172 25664
785  100  0.2  47172 25928
786  100  0.2  48196 26192
787  100  0.1  43076 22236
788  100  0.1  43076 22236
789  100  0.1  43076 22236
790  100  0.1  44100 22236
791  100  0.1  44100 22760
792  101  0.1  45124 23024
793 99.9  0.1  45124 23552
794  100  0.1  45124 24080
795  100  0.2  46148 24608
796  100  0.2  46148 24872
797  100  0.2  47172 25400
798  100  0.2  47172 25664
799  100  0.2  48196 26192
800  100  0.1  43076 22236
801  100  0.1  43076 22236
802  101  0.1  43076 22236
803  100  0.1  43076 22236
804  100  0.1  44100 22496
805  100  0.1  44100 23024
806  100  0.1  45124 23552
807  100  0.1  45124 23816
808  100  0.2  46148 24344
809  100  0.2  46148 24872
810  100  0.2  47172 25136
811  101  0.2  47172 25664
812  100  0.2  47172 25928
813  100  0.2  48196 26456
814  100  0.1  43076 22236
815  100  0.1  43076 22236
816  100  0.1  43076 22236
817  100  0.1  44100 22496
818  100  0.1  44100 22760
819  100  0.1  45124 23288
820  101  0.1  45124 23816
821  100  0.2  46148 24344
822  100  0.2  46148 24608
823  100  0.2  46148 25136
824  100  0.2  47172 25400
825  100  0.2  47172 25928
826  100  0.2  48196 26192
827  100  0.1  43076 22236
828  100  0.1  43076 22236
829  100  0.1  43076 22236
830 99.9  0.1  44100 22236
831  100  0.1  44100 22760
832  100  0.1  45124 23024
833  100  0.1  45124 23552
834  100  0.1  45124 24080
835  100  0.2  46148 24608
836  100  0.2  46148 24872
837  100  0.2  47172 25400
838  100  0.2  47172 25928
839  101  0.2  48196 26192
840  100  0.1  43076 22236
841  100  0.1  43076 22236
842  100  0.1  43076 22236
843  100  0.1  44100 22236
844  100  0.1  44100 22760
845  100  0.1  45124 23024
846  100  0.1  45124 23552
847  100  0.1  45124 24080
848  101  0.2  46148 24344
849  100  0.2  46148 24872
850  100  0.2  46148 25136
851  100  0.2  47172 25400
852  100  0.2  47172 25928
853  100  0.2  48196 26192
854  100  0.1  43076 22236
855  100  0.1  43076 22236
856  100  0.1  43076 22236
857  100  0.1  43076 22236
858  100  0.1  44100 22496
859  100  0.1  44100 23024
860  100  0.1  45124 23288
861  100  0.1  45124 23816
862  100  0.1  46148 24080
863  100  0.2  46148 24608
864  100  0.2  46148 24872
865  100  0.2  47172 25400
866  100  0.2  47172 25664
867 99.9  0.2  47172 26192
868  100  0.2  48196 26456
869  100  0.1  43076 22236
870  100  0.1  43076 22236
871  100  0.1  43076 22236
872  100  0.1  44100 22236
873  100  0.1  44100 22760
874  100  0.1  45124 23288
875  100  0.1  45124 23816
876  101  0.1  46148 24080
877  100  0.2  46148 24608
878  100  0.2  46148 24872
879  100  0.2  47172 25400
880  100  0.2  47172 25664
881  100  0.2  48196 26192
882  100  0.2  48196 26456
883  100  0.1  43076 22236
884  100  0.1  43076 22236
885  100  0.1  43076 22236
886  100  0.1  44100 22496
887  100  0.1  44100 23024
888  100  0.1  45124 23552
889  100  0.1  45124 23816
890  100  0.2  46148 24344
891  100  0.2  46148 24872
892  100  0.2  46148 25136
893  100  0.2  47172 25400
894  100  0.2  47172 25928
895  100  0.2  48196 26192
896  100  0.1  43076 22236
897  100  0.1  43076 22236
898  100  0.1  43076 22236
899  100  0.1  44100 22236
900  100  0.1  44100 22760
901  100  0.1  45124 23288
902  100  0.1  45124 23552
903  100  0.1  45124 24080
904  101  0.2  46148 24608
905  100  0.2  46148 24872
906  100  0.2  47172 25400
907  100  0.2  47172 25928
908  100  0.2  48196 26192
909  100  0.1  43076 22236
910  100  0.1  43076 22236
911  100  0.1  43076 22236
912  100  0.1  44100 22236
913  100  0.1  44100 22760
914  100  0.1  45124 23288
915  100  0.1  45124 23552
916  100  0.1  45124 24080
917  100  0.2  46148 24608
918  100  0.2  46148 24872
919  100  0.2  47172 25400
920  100  0.2  47172 25928
921  100  0.2  48196 26192
922  100  0.1  43076 22236
923  100  0.1  43076 22236
924  100  0.1  43076 22236
925  100  0.1  44100 22236
926  100  0.1  44100 22760
927  100  0.1  45124 23024
928  100  0.1  45124 23552
929  100  0.1  45124 24080
930  100  0.2  46148 24608
931  100  0.2  46148 24872
932  100  0.2  47172 25400
933  100  0.2  47172 25928
934  100  0.2  48196 26192
935  100  0.1  43076 22236
936  100  0.1  43076 22236
937  100  0.1  43076 22236
938  100  0.1  44100 22236
939  100  0.1  44100 22760
940  100  0.1  45124 23024
941  100  0.1  45124 23552
942  100  0.1  45124 24080
943  100  0.2  46148 24608
944  100  0.2  46148 24872
945  100  0.2  47172 25400
946  100  0.2  47172 25928
947  100  0.2  48196 26192
948  100  0.1  43076 22236
949  100  0.1  43076 22236
950  100  0.1  43076 22236
951  100  0.1  44100 22236
952  100  0.1  44100 22760
953  100  0.1  45124 23288
954  100  0.1  45124 23552
955  100  0.1  45124 24080
956  100  0.2  46148 24608
957  100  0.2  46148 24872
958  100  0.2  47172 25400
959  100  0.2  47172 25928
960  100  0.2  48196 26192
961  100  0.1  43076 22236
962  100  0.1  43076 22236
963  100  0.1  43076 22236
964  100  0.1  44100 22236
965  100  0.1  44100 22496
966  100  0.1  45124 23024
967  100  0.1  45124 23552
968  100  0.1  45124 24080
969 99.9  0.2  46148 24344
970  100  0.2  46148 24872
971  100  0.2  47172 25400
972  100  0.2  47172 25664
973  100  0.2  48196 26192
974  100  0.2  48196 26456
975  100  0.1  43076 22236
976  100  0.1  43076 22236
977  100  0.1  43076 22236
978  100  0.1  44100 22496
979  100  0.1  44100 23024
980  100  0.1  45124 23552
981  100  0.1  45124 24080
982  100  0.2  46148 24344
983  100  0.2  46148 24872
984  100  0.2  47172 25400
985  100  0.2  47172 25664
986  100  0.2  48196 26192
987  100  0.2  48196 26456
988  100  0.1  43076 22236
989  100  0.1  43076 22236
990  100  0.1  43076 22236
991  100  0.1  44100 22496
992  100  0.1  44100 23024
993  100  0.1  45124 23552
994  100  0.1  45124 23816
995  100  0.2  46148 24344
996  100  0.2  46148 24872
997  100  0.2  47172 25136
998  100  0.2  47172 25664
999  100  0.2  47172 26192
1000  100  0.2  48196 26456
1001  100  0.1  43076 22236
1002  100  0.1  43076 22236
1003  100  0.1  43076 22236
1004  100  0.1  44100 22496
1005  100  0.1  44100 23024
1006  100  0.1  45124 23552
1007  100  0.1  45124 23816
1008  100  0.2  46148 24344
1009  100  0.2  46148 24872
1010  100  0.2  47172 25136
1011  100  0.2  47172 25664
1012  100  0.2  47172 25928
1013  100  0.2  48196 26192
1014  100  0.1  43076 22236
1015  100  0.1  43076 22236
1016  100  0.1  43076 22236
1017  100  0.1  43076 22236
1018  100  0.1  44100 22496
1019  100  0.1  44100 23024
1020  100  0.1  45124 23288
1021  100  0.1  45124 23816
1022  100  0.1  46148 24080
1023  100  0.2  46148 24608
1024  100  0.2  46148 24872
1025  100  0.2  47172 25400
1026  100  0.2  47172 25664
1027  100  0.2  47172 25928
1028  100  0.2  48196 26192
1029  100  0.1  43076 22236
1030  100  0.1  43076 22236
1031  100  0.1  43076 22236
1032  100  0.1  43076 22236
1033  100  0.1  44100 22236
1034  100  0.1  44100 22760
1035  100  0.1  45124 23288
1036  100  0.1  45124 23552
1037  100  0.1  45124 24080
1038  100  0.2  46148 24344
1039  100  0.2  46148 24872
1040  100  0.2  47172 25136
1041  100  0.2  47172 25400
1042  100  0.2  47172 25664
1043 99.9  0.2  47172 25928
1044  100  0.2  48196 26456
1045  100  0.1  43076 22236
1046  100  0.1  43076 22236
1047  100  0.1  43076 22236
1048  100  0.1  43076 22236
1049  100  0.1  44100 22236
1050  100  0.1  44100 22760
1051  100  0.1  45124 23024
1052 99.9  0.1  45124 23552
1053  100  0.1  45124 23816
1054  100  0.2  46148 24344
1055  100  0.2  46148 24608
1056  100  0.2  46148 25136
1057  100  0.2  47172 25400
1058  100  0.2  47172 25928
1059  100  0.2  48196 26192
1060  100  0.2  48196 26456
1061  100  0.1  43076 22236
1062  100  0.1  43076 22236
1063  100  0.1  43076 22236
1064  100  0.1  44100 22236
1065  100  0.1  44100 22760
1066  100  0.1  45124 23288
1067  100  0.1  45124 23552
1068  100  0.1  45124 24080
1069  100  0.2  46148 24344
1070  100  0.2  46148 24608
1071  100  0.2  46148 24872
1072  100  0.2  47172 25400
1073  100  0.2  47172 25664
1074  100  0.2  47172 25928
1075  100  0.2  47172 26192
1076  100  0.2  48196 26456
1077  100  0.2  48196 26456
1078  100  0.1  43076 22236
1079  100  0.1  43076 22236
1080  100  0.1  43076 22236
1081  100  0.1  43076 22236
1082  100  0.1  44100 22236
1083  100  0.1  44100 22496
1084  100  0.1  44100 22760
1085  100  0.1  45124 23288
1086  100  0.1  45124 23552
1087  100  0.1  45124 23816
1088  100  0.2  46148 24344
1089  100  0.2  46148 24608
1090  100  0.2  46148 24872
1091  100  0.2  47172 25400
1092  100  0.2  47172 25664
1093  100  0.2  47172 25928
1094  100  0.2  48196 26192
1095  100  0.2  48196 26456
1096  100  0.1  43076 22236
1097  100  0.1  43076 22236
1098  100  0.1  43076 22236
1099  100  0.1  44100 22236
1100  100  0.1  44100 22760
1101  100  0.1  45124 23024
1102  100  0.1  45124 23552
1103  100  0.1  45124 24080
1104  100  0.2  46148 24344
1105  100  0.2  46148 24872
1106  100  0.2  46148 25136
1107 99.9  0.2  47172 25400
1108  100  0.2  47172 25928
1109  100  0.2  48196 26192
1110  100  0.2  48196 26456
1111  100  0.1  43076 22236
1112  100  0.1  43076 22236
1113  100  0.1  43076 22236
1114  100  0.1  44100 22236
1115  100  0.1  44100 22760
1116  100  0.1  44100 23024
1117  100  0.1  45124 23288
1118  100  0.1  45124 23816
1119  100  0.1  45124 24080
1120  100  0.2  46148 24344
1121  100  0.2  46148 24608
1122  100  0.2  46148 24872
1123  100  0.2  47172 25400
1124  100  0.2  47172 25664
1125  100  0.2  47172 25928
1126  100  0.2  48196 26192
1127  100  0.1  43076 22236
1128  100  0.1  43076 22236
1129  100  0.1  43076 22236
1130  100  0.1  43076 22236
1131  100  0.1  44100 22236
1132  100  0.1  44100 22760
1133  100  0.1  45124 23024
1134  100  0.1  45124 23552
1135  100  0.1  45124 23816
1136  100  0.2  46148 24344
1137  100  0.2  46148 24608
1138  100  0.2  47172 25136
1139  100  0.2  47172 25400
1140  100  0.2  47172 25928
1141  100  0.2  48196 26192
1142  100  0.1  43076 22236
1143  100  0.1  43076 22236
1144  100  0.1  43076 22236
1145  100  0.1  43076 22236
1146  100  0.1  44100 22236
1147  100  0.1  44100 22760
1148  100  0.1  45124 23288
1149  100  0.1  45124 23552
1150  100  0.1  45124 24080
1151  100  0.2  46148 24344
1152  100  0.2  46148 24872
1153  100  0.2  47172 25136
1154  100  0.2  47172 25400
1155  100  0.2  47172 25928
1156  100  0.2  48196 26192
1157  100  0.1  43076 22236
1158  100  0.1  43076 22236
1159  100  0.1  43076 22236
1160  100  0.1  43076 22236
1161  100  0.1  44100 22236
1162  100  0.1  44100 22760
1163  100  0.1  44100 23024
1164  100  0.1  45124 23288
1165  100  0.1  45124 23552
1166  100  0.1  45124 24080
1167  100  0.2  46148 24344
1168  100  0.2  46148 24872
1169  100  0.2  47172 25400
1170  100  0.2  47172 25664
1171  100  0.2  47172 25928
1172  100  0.2  48196 26192
1173  100  0.2  48196 26456
1174  100  0.1  43076 22236
1175  100  0.1  43076 22236
1176  100  0.1  43076 22236
1177  100  0.1  43076 22236
1178  100  0.1  43076 22236
1179  100  0.1  44100 22236
1180  100  0.1  44100 22760
1181  100  0.1  45124 23288
1182  100  0.1  45124 23552
1183  100  0.1  45124 23816
1184  100  0.2  46148 24344
1185  100  0.2  46148 24608
1186  100  0.2  46148 25136
1187  100  0.2  47172 25400
1188  100  0.2  47172 25664
1189  100  0.2  48196 26192
1190  100  0.2  48196 26456
1191  100  0.1  43076 22236
1192  100  0.1  43076 22236
1193  100  0.1  43076 22236
1194  100  0.1  44100 22496
1195  100  0.1  44100 23024
1196  100  0.1  45124 23288
1197  100  0.1  45124 23816
1198  100  0.1  46148 24080
1199  100  0.2  46148 24608
1200  100  0.2  46148 24872
1201  100  0.2  47172 25400
1202  100  0.2  47172 25928
1203  100  0.2  48196 26192
1204  100  0.1  43076 22236
1205  100  0.1  43076 22236
1206  100  0.1  43076 22236
1207  100  0.1  43076 22236
1208 99.9  0.1  44100 22496
1209  100  0.1  44100 23024
1210  100  0.1  45124 23552
1211  100  0.1  45124 23816
1212  100  0.2  46148 24344
1213  100  0.2  46148 24872
1214  100  0.2  47172 25136
1215  100  0.2  47172 25400
1216  100  0.2  47172 25928
1217  100  0.2  48196 26192
1218  100  0.1  43076 22236
1219  100  0.1  43076 22236
1220  100  0.1  43076 22236
1221  100  0.1  43076 22236
1222  100  0.1  44100 22496
1223  100  0.1  44100 22760
1224  100  0.1  45124 23288
1225  100  0.1  45124 23552
1226  100  0.1  45124 24080
1227  100  0.2  46148 24344
1228  100  0.2  46148 24872
1229  100  0.2  47172 25136
1230  100  0.2  47172 25664
1231  100  0.2  47172 25928
1232  100  0.2  48196 26456
1233  100  0.1  43076 22236
1234  100  0.1  43076 22236
1235  100  0.1  43076 22236
1236  100  0.1  44100 22236
1237  100  0.1  44100 22760
1238  100  0.1  45124 23024
1239  100  0.1  45124 23552
1240  100  0.1  45124 23816
1241  100  0.2  46148 24344
1242  100  0.2  46148 24608
1243  100  0.2  46148 24872
1244  100  0.2  47172 25136
1245  100  0.2  47172 25664
1246  100  0.2  47172 25928
1247  100  0.2  48196 26456
1248  100  0.1  43076 22236
1249  100  0.1  43076 22236
1250  100  0.1  43076 22236
1251  100  0.1  44100 22236
1252  100  0.1  44100 22496
1253  100  0.1  44100 23024
1254  100  0.1  45124 23288
1255  100  0.1  45124 23816
1256  100  0.2  46148 24344
1257  100  0.2  46148 24608
1258  100  0.2  47172 25136
1259  100  0.2  47172 25400
1260  100  0.2  47172 25928
1261  100  0.2  48196 26192
1262  100  0.1  43076 22236
1263  100  0.1  43076 22236
1264  100  0.1  43076 22236
1265  100  0.1  44100 22236
1266  100  0.1  44100 22496
1267  100  0.1  44100 23024
1268  100  0.1  45124 23288
1269  100  0.1  45124 23816
1270  100  0.2  46148 24344
1271  100  0.2  46148 24608
1272  100  0.2  46148 25136
1273  100  0.2  47172 25400
1274  100  0.2  47172 25928
1275  100  0.2  48196 26192
1276  100  0.1  43076 22236
1277  100  0.1  43076 22236
1278  100  0.1  43076 22236
1279  100  0.1  44100 22236
1280  100  0.1  44100 22760
1281  100  0.1  45124 23024
1282  100  0.1  45124 23552
1283  100  0.1  45124 24080
1284  100  0.2  46148 24344
1285  100  0.2  46148 24872
1286  100  0.2  47172 25400
1287  100  0.2  47172 25664
1288  100  0.2  47172 26192
1289  100  0.2  48196 26456
1290  100  0.1  43076 22236
1291 99.9  0.1  43076 22236
1292  100  0.1  43076 22236
1293  100  0.1  44100 22236
1294  100  0.1  44100 22760
1295  100  0.1  45124 23288
1296  100  0.1  45124 23552
1297  100  0.1  45124 24080
1298  100  0.2  46148 24344
1299  100  0.2  46148 24872
1300  100  0.2  47172 25136
1301  100  0.2  47172 25664
1302  100  0.2  47172 26192
1303  100  0.2  48196 26456
1304  100  0.1  43076 22236
1305  100  0.1  43076 22236
1306  100  0.1  43076 22236
1307  100  0.1  44100 22236
1308  100  0.1  44100 22760
1309  100  0.1  45124 23288
1310  100  0.1  45124 23552
1311  100  0.1  45124 24080
1312  100  0.2  46148 24344
1313  100  0.2  46148 24872
1314  100  0.2  47172 25400
1315  100  0.2  47172 25664
1316  100  0.2  47172 26192
1317  100  0.2  48196 26456
1318  100  0.1  43076 22236
1319  100  0.1  43076 22236
1320  100  0.1  43076 22236
1321  100  0.1  44100 22236
1322  100  0.1  44100 22760
1323  100  0.1  45124 23288
1324  100  0.1  45124 23552
1325  100  0.1  45124 24080
1326  100  0.2  46148 24608
1327  100  0.2  46148 24872
1328 99.9  0.2  47172 25136
1329  100  0.2  47172 25664
1330  100  0.2  47172 25928
1331  100  0.2  48196 26456
1332  100  0.1  43076 22236
1333  100  0.1  43076 22236
1334  100  0.1  43076 22236
1335  100  0.1  44100 22236
1336  100  0.1  44100 22760
1337  100  0.1  44100 23024
1338  100  0.1  45124 23288
1339  100  0.1  45124 23816
1340  100  0.1  46148 24080
1341  100  0.2  46148 24608
1342  100  0.2  46148 24872
1343  100  0.2  46148 24872
1344  100  0.2  47172 25136
1345  100  0.2  47172 25400
1346  100  0.2  47172 25928
1347  100  0.2  48196 26192
1348  100  0.2  48196 26456
1349  100  0.1  43076 22236
1350  100  0.1  43076 22236
1351  100  0.1  43076 22236
1352  100  0.1  44100 22236
1353  100  0.1  44100 22496
1354  100  0.1  44100 22760
1355  100  0.1  45124 23288
1356  100  0.1  45124 23552
1357  100  0.1  45124 23816
1358  100  0.2  46148 24344
1359  100  0.2  46148 24608
1360  100  0.2  46148 24872
1361  100  0.2  47172 25136
1362  100  0.2  47172 25664
1363  100  0.2  47172 25928
1364  100  0.2  48196 26192
1365  100  0.1  43076 22236
1366  100  0.1  43076 22236
1367  100  0.1  43076 22236
1368  100  0.1  43076 22236
1369  100  0.1  44100 22496
1370  100  0.1  44100 22760
1371  100  0.1  45124 23288
1372  100  0.1  45124 23552
1373  100  0.1  45124 24080
1374 99.9  0.2  46148 24344
1375  100  0.2  46148 24872
1376  100  0.2  47172 25136
1377  100  0.2  47172 25664
1378  100  0.2  47172 25928
1379  100  0.2  48196 26192
1380  100  0.1  43076 22236
1381  100  0.1  43076 22236
1382  100  0.1  43076 22236
1383  100  0.1  43076 22236
1384  100  0.1  44100 22496
1385  100  0.1  44100 23024
1386  100  0.1  45124 23288
1387  100  0.1  45124 23816
1388  100  0.1  45124 24080
1389  100  0.2  46148 24344
1390  100  0.2  46148 24608
1391  100  0.2  46148 24872
1392  100  0.2  47172 25136
1393  100  0.2  47172 25400
1394  100  0.2  47172 25664
1395  100  0.2  47172 25928
1396  100  0.2  47172 26192
1397  100  0.2  48196 26456
1398  100  0.1  43076 22236
1399  100  0.1  43076 22236
1400  100  0.1  43076 22236
1401 99.9  0.1  43076 22236
1402  100  0.1  44100 22496
1403  100  0.1  44100 22760
1404  100  0.1  45124 23288
1405  100  0.1  45124 23552
1406  100  0.1  45124 23816
1407  100  0.2  46148 24344
1408  100  0.2  46148 24608
1409  100  0.2  46148 24872
1410  100  0.2  47172 25400
1411  100  0.2  47172 25664
1412  100  0.2  47172 26192
1413  100  0.2  48196 26456
1414  100  0.1  43076 22236
1415  100  0.1  43076 22236
1416  100  0.1  43076 22236
1417  100  0.1  44100 22236
1418  100  0.1  44100 22496
1419  100  0.1  44100 23024
1420  100  0.1  45124 23552
1421  100  0.1  45124 23816
1422  100  0.2  46148 24344
1423  100  0.2  46148 24608
1424  100  0.2  46148 24872
1425  100  0.2  47172 25400
1426  100  0.2  47172 25664
1427  100  0.2  47172 26192
1428  100  0.2  48196 26456
1429  100  0.1  43076 22236
1430  100  0.1  43076 22236
1431  100  0.1  43076 22236
1432  100  0.1  44100 22236
1433  100  0.1  44100 22496
1434  100  0.1  44100 23024
1435  100  0.1  45124 23552
1436  100  0.1  45124 23816
1437  100  0.2  46148 24344
1438  100  0.2  46148 24608
1439  100  0.2  46148 24872
1440  100  0.2  47172 25400
1441  100  0.2  47172 25664
1442  100  0.2  47172 26192
1443  100  0.2  48196 26456
