%cpu,%mem,vsz,rss
0  0.0  0.2  71108 34324
1  0.0  0.5  95580 61336
2 26.0  0.6 106488 73748
3 37.0  0.7 120964 88380
4 47.0  0.8 132420 100048
5 59.0  0.8 135000 102160
6 69.0  0.8 137064 104652
7 80.0  0.8 137064 104652
8 90.0  0.8 137064 104652
9  101  0.8 135516 103280
10  112  0.8 135516 103280
11 61.5  0.8 131388 99220
12 67.0  0.8 134012 101592
13 72.0  0.8 135548 102912
14 77.5  0.8 134516 102040
15 83.0  0.8 135028 102300
16 88.5  0.8 133476 101180
17 94.0  0.8 133988 101444
18 99.0  0.8 135008 102444
19  104  0.8 135008 102704
20 73.3  0.8 135008 102704
21 76.6  0.8 135520 103232
22 80.3  0.8 135520 103232
23 84.0  0.8 133468 101376
24 87.6  0.8 133980 101376
25 91.3  0.8 135004 102164
26 94.6  0.8 133968 101488
27 98.3  0.8 134480 102016
28  102  0.8 131896 99708
29  105  0.8 133944 101552
30 82.0  0.8 134968 102608
31 84.7  0.8 133912 101592
32 87.2  0.8 134424 102120
33 90.0  0.8 132872 100724
34 92.7  0.8 133896 101512
35 95.2  0.8 132856 100724
36 98.0  0.8 133880 101512
37  100  0.8 134392 102040
38  103  0.8 134904 102568
39 85.2  0.8 134904 102568
40 87.4  0.8 134904 102568
41 89.6  0.8 134904 102568
42 91.6  0.8 134904 102568
43 93.8  0.8 134904 102568
44 96.0  0.8 134388 102264
45 98.2  0.8 134388 102264
46  100  0.8 134900 102524
47  102  0.8 134900 102524
48 87.1  0.8 134900 102524
49 89.0  0.8 134900 102524
50 90.6  0.8 134900 102524
51 92.5  0.8 134384 102264
52 94.3  0.8 134384 102264
53 96.1  0.8 134380 102168
54 98.0  0.8 134380 102168
55 99.6  0.8 134380 102168
56  101  0.8 134892 102692
57 88.5  0.8 134892 102692
58 90.1  0.8 134892 102692
59 91.7  0.8 134892 102692
60 93.1  0.8 134892 102692
61 94.7  0.8 134892 102692
62 96.2  0.8 134892 102692
63 97.8  0.8 134892 102692
64 99.2  0.8 134892 102692
65  100  0.8 134892 102692
66  102  0.8 134892 102692
67 91.0  0.8 134892 102692
68 92.2  0.8 134892 102692
69 93.6  0.8 134892 102692
70 95.0  0.8 134892 102692
71 96.3  0.8 134892 102692
72 97.7  0.8 134892 102692
73 99.0  0.8 134892 102692
74  100  0.8 134892 102692
75  101  0.8 134892 102692
76 91.5  0.8 134892 102692
77 92.7  0.8 134892 102692
78 94.0  0.8 134892 102692
79 95.2  0.8 134892 102692
80 96.4  0.8 134892 102692
81 97.5  0.8 134892 102692
82 98.7  0.8 135404 102956
83  100  0.8 135404 103220
84  101  0.8 135404 103220
85 92.2  0.8 135404 103220
86 93.2  0.8 135404 103220
87 94.3  0.8 134380 102392
88 95.4  0.8 134380 102392
89 96.4  0.8 134380 102392
90 97.5  0.8 134892 102652
91 98.6  0.8 134892 102652
92 99.6  0.8 134892 102652
93  100  0.8 134892 102652
94 92.5  0.8 134892 102652
95 93.5  0.8 134892 102652
96 94.5  0.8 134892 102652
97 95.4  0.8 134892 102652
98 96.4  0.8 134892 102652
99 97.4  0.8 134892 102652
100 98.4  0.8 134892 102652
101 99.4  0.8 134892 102652
102  100  0.8 134892 102652
103  101  0.8 134892 102652
104 93.8  0.8 134892 102652
105 94.7  0.8 134892 102652
106 95.6  0.8 134892 102652
107 96.5  0.8 134892 102652
108 97.4  0.8 134892 102652
109 98.3  0.8 134892 102652
110 99.2  0.8 134892 102652
111  100  0.8 134892 102652
112  101  0.8 134892 102652
113 94.0  0.8 134892 102652
114 94.9  0.8 134892 102652
115 95.7  0.8 134892 102652
116 96.6  0.8 134892 102652
117 97.4  0.8 134892 102652
118 98.2  0.8 134892 102652
119 99.0  0.8 134892 102652
120 99.9  0.8 134892 102652
121  100  0.8 134892 102652
122 94.2  0.8 134892 102652
123 95.0  0.8 134892 102652
124 95.8  0.8 134892 102652
125 96.6  0.8 134892 102652
126 97.4  0.8 134892 102652
127 98.2  0.8 133868 101884
128 99.0  0.8 133868 101884
129 99.7  0.8 134380 101884
130  100  0.8 134892 102672
131 94.5  0.8 134892 102672
132 95.2  0.8 134892 102672
133 96.0  0.8 134892 102672
134 96.6  0.8 134892 102672
135 97.4  0.8 134892 102672
136 98.1  0.8 134892 102672
137 98.8  0.8 134892 102672
138 99.5  0.8 134892 102672
139  100  0.8 134892 102672
140  101  0.8 134892 102672
141 95.3  0.8 134892 102672
142 96.0  0.8 134892 102672
143 96.7  0.8 133868 101884
144 97.3  0.8 133868 101884
145 98.0  0.8 134892 102672
146 98.7  0.8 134892 102672
147 99.3  0.8 134892 102672
148  100  0.8 131820 99852
149  100  0.8 133868 101432
150 95.4  0.8 134380 101960
151 96.0  0.8 134892 102752
152 96.7  0.8 134892 102752
153 97.3  0.8 135404 102752
154 98.0  0.8 135404 103016
155 98.5  0.8 135404 103016
156 99.2  0.8 135404 103016
157 99.8  0.8 135404 103016
158  100  0.8 135404 103016
159 95.5  0.8 134380 102392
160 96.1  0.8 134380 102392
161 96.7  0.8 134892 102652
162 97.3  0.8 134892 102652
163 97.9  0.8 134892 102652
164 98.5  0.8 134892 102652
165 99.1  0.8 134892 102652
166 99.7  0.8 134892 102652
167  100  0.8 134892 102652
168  100  0.8 134892 102652
169 96.2  0.8 134892 102652
170 96.7  0.8 134892 102652
171 97.3  0.8 134892 102652
172 97.8  0.8 134892 102652
173 98.4  0.8 134892 102652
174 99.0  0.8 134892 102652
175 99.6  0.8 134892 102652
176  100  0.8 134892 102652
177  100  0.8 134892 102652
178 96.2  0.8 134892 102652
179 96.8  0.8 134892 102652
180 97.3  0.8 134892 102652
181 97.8  0.8 134892 102652
182 98.4  0.8 134892 102652
183 98.9  0.8 134892 102652
184 99.5  0.8 134892 102652
185  100  0.8 134892 102652
186  100  0.8 134892 102652
187 96.2  0.8 134892 102652
188 96.8  0.8 133868 101884
189 97.3  0.8 133868 101884
190 97.8  0.8 134380 102144
191 98.3  0.8 134892 102672
192 98.8  0.8 134892 102672
193 99.3  0.8 134892 102672
194 99.8  0.8 134892 102672
195  100  0.8 134892 102672
196 96.3  0.8 134892 102672
197 96.8  0.8 134892 102672
198 97.3  0.8 134892 102672
199 97.7  0.8 134892 102672
200 98.2  0.8 134892 102672
201 98.7  0.8 134892 102672
202 99.2  0.8 134892 102672
203 99.7  0.8 133868 101884
204  100  0.8 133868 101884
205  100  0.8 134380 102144
206 96.8  0.8 134892 102672
207 97.3  0.8 134892 102672
208 97.7  0.8 134892 102672
209 98.2  0.8 134892 102672
210 98.6  0.8 134892 102672
211 99.1  0.8 134892 102672
212 99.6  0.8 134892 102672
213  100  0.8 133868 101884
214  100  0.8 133868 101884
215 96.8  0.8 134380 101884
216 97.2  0.8 134892 102672
217 97.7  0.8 134892 102672
218 98.2  0.8 134892 102672
219 98.6  0.8 134892 102672
220 99.0  0.8 134892 102672
221 99.5  0.8 134892 102672
222  100  0.8 134892 102672
223  100  0.8 134892 102672
224 96.8  0.8 134892 102672
225 97.2  0.8 134892 102672
226 97.7  0.8 134892 102672
227 98.1  0.8 134892 102672
228 98.6  0.8 134892 102672
229 99.0  0.8 134892 102672
230 99.4  0.8 134892 102672
231 99.8  0.8 134892 102672
232  100  0.8 134892 102672
233 96.8  0.8 133868 101884
234 97.2  0.8 133868 101884
235 97.6  0.8 134892 102672
236 98.0  0.8 134892 102672
237 98.5  0.8 134892 102672
238 98.9  0.8 134892 102672
239 99.3  0.8 134892 102672
240 99.7  0.8 134892 102672
241  100  0.8 134892 102672
242  100  0.8 134892 102672
243 97.2  0.8 133868 101884
244 97.6  0.8 133868 101884
245 98.0  0.8 134380 101884
246 98.4  0.8 134892 102672
247 98.8  0.8 134892 102672
248 99.2  0.8 134892 102672
249 99.6  0.8 134892 102672
250  100  0.8 134892 102672
251  100  0.8 134892 102672
252 97.2  0.8 134892 102672
